    G1  G2  G3  G4  G5  G6  G7  G8
A   0.870   1.520   0.400   1.800   19.200  0.058   5.080   0.007 
C   1.520   1.520   0.500   16.500  40.470  0.128   2.950   -0.037 
D   0.660   1.520   0.800   5.050   40.470  0.081   5.960   -0.024 
H   0.870   1.520   1.000   38.500  55.560  0.054   2.100   -0.011 
I   3.150   1.900   0.400   12.400  56.590  0.056   4.950   0.022 
K   1.640   1.520   0.400   14.600  65.850  0.095   4.930   0.018 
L   2.170   1.520   0.600   11.000  57.620  0.070   8.030   0.052 
M   1.670   1.520   0.300   10.000  64.140  0.055   2.610   0.003 
N   0.090   1.520   0.900   -5.600  42.180  0.091   5.750   0.005 
P   2.770   1.520   0.900   86.200  43.560  0.068   4.840   0.240 
Q   0.000   1.520   0.700   6.300   52.130  0.098   4.240   0.049 
R   0.850   1.520   0.300   12.500  74.770  0.085   4.750   0.044 
S   0.070   1.520   0.400   -7.500  25.030  0.106   6.410   0.005 
T   0.070   1.730   0.400   28.000  38.410  0.079   5.870   0.003 
V   1.870   1.900   0.400   5.630   43.900  0.053   6.070   0.057 
Y   2.670   1.520   1.200   10.000  88.830  0.125   4.550   0.024 
W   3.770   1.520   0.600   33.700  100.150     0.167   2.310   0.038 
G   0.100   1.000   0.000   0.000   0.000   0.152   8.200   0.179 
F   2.870   1.520   0.700   34.500  79.910  0.065   4.360   0.038 
E   0.670   1.520   1.300   12.000  51.790  0.064   6.040   0.007
